# Created by Octave 5.2.0, Fri Mar 04 12:02:04 2022 CET <lucab@lucab502>
# name: selects
# type: matrix
# rows: 16
# columns: 2
 1 7
 2 6
 3 6
 4 6
 5 5
 6 5
 7 4
 8 4
 9 3
 10 3
 11 3
 12 3
 13 3
 14 4
 15 4
 16 7


